##BLOCKS= 2          
Plate:	Plate#1	1.3	PlateFormat	Spectrum	Absorbance	Raw	FALSE	41			350	750	10			1	12	96	1	8	None	
Wavelength(nm)	Temperature(¡C)	1	2	3	4	5	6	7	8	9	10	11	12		
350	17.90	0.171	0.457	0.2	0.239	0.203	0.18	0.222	0.173	0.294	0.182	0.171	0.231		
		0.219	0.254	0.276	0.186	0.171	0.147	0.169	0.183	0.172	0.192	0.355	0.199		
		0.205	0.185	0.274	0.372	0.174	0.171	0.169	0.206	0.191	0.199	0.157	0.183		
		0.309	0.183	0.206	0.171	0.156	0.206	0.142	0.216	0.163	0.159	0.165	0.184		
		0.172	0.177	0.208	0.185	0.152	0.197	0.146	0.201	0.323	0.192	0.203	0.179		
		0.302	0.17	0.227	0.198	0.147	0.172	0.206	0.166	0.194	0.302	0.322	0.207		
		0.343	0.267	0.2	0.196	0.143	0.251	0.179	0.191	0.17	0.276	0.18	0.18		
		0.335	0.466	0.143	0.146	0.193	0.154	0.286	0.215	0.179	0.158	0.189	0.339		
		
360	17.90	0.145	0.417	0.178	0.213	0.177	0.154	0.198	0.146	0.266	0.155	0.145	0.199		
		0.187	0.201	0.249	0.158	0.144	0.123	0.142	0.155	0.143	0.167	0.338	0.171		
		0.175	0.158	0.234	0.338	0.146	0.148	0.145	0.173	0.163	0.172	0.131	0.155		
		0.281	0.159	0.175	0.142	0.128	0.173	0.118	0.184	0.135	0.133	0.138	0.158		
		0.151	0.154	0.186	0.159	0.127	0.167	0.12	0.171	0.295	0.163	0.172	0.149		
		0.278	0.141	0.199	0.169	0.122	0.142	0.177	0.138	0.163	0.289	0.278	0.177		
		0.303	0.235	0.166	0.173	0.117	0.23	0.15	0.162	0.142	0.244	0.161	0.156		
		0.319	0.506	0.117	0.12	0.169	0.126	0.257	0.202	0.159	0.137	0.161	0.359		
		
370	17.90	0.123	0.388	0.159	0.189	0.154	0.129	0.176	0.123	0.241	0.129	0.122	0.171		
		0.163	0.177	0.224	0.134	0.12	0.102	0.119	0.13	0.12	0.148	0.31	0.159		
		0.15	0.138	0.212	0.303	0.124	0.124	0.121	0.146	0.139	0.15	0.11	0.129		
		0.257	0.139	0.152	0.119	0.105	0.147	0.097	0.157	0.113	0.113	0.116	0.134		
		0.13	0.131	0.169	0.139	0.107	0.143	0.099	0.147	0.269	0.139	0.152	0.126		
		0.253	0.116	0.183	0.145	0.102	0.119	0.153	0.115	0.138	0.256	0.27	0.171		
		0.301	0.21	0.144	0.143	0.097	0.211	0.127	0.137	0.119	0.218	0.138	0.14		
		0.301	0.509	0.095	0.1	0.157	0.108	0.232	0.125	0.14	0.126	0.149	0.312		
		
380	17.90	0.094	0.359	0.133	0.163	0.126	0.103	0.149	0.097	0.21	0.101	0.097	0.142		
		0.135	0.148	0.198	0.11	0.096	0.079	0.094	0.105	0.095	0.122	0.273	0.117		
		0.121	0.115	0.187	0.269	0.098	0.1	0.096	0.117	0.113	0.125	0.084	0.103		
		0.228	0.117	0.129	0.096	0.082	0.12	0.074	0.128	0.089	0.091	0.091	0.109		
		0.105	0.104	0.151	0.117	0.085	0.118	0.075	0.122	0.24	0.111	0.126	0.1		
		0.227	0.09	0.162	0.12	0.081	0.095	0.128	0.091	0.111	0.229	0.21	0.177		
		0.267	0.191	0.118	0.121	0.076	0.19	0.102	0.109	0.093	0.188	0.113	0.114		
		0.263	0.496	0.07	0.077	0.129	0.084	0.204	0.091	0.12	0.095	0.14	0.29		
		
390	17.90	0.078	0.338	0.118	0.147	0.112	0.088	0.134	0.081	0.192	0.09	0.083	0.125		
		0.116	0.133	0.181	0.093	0.079	0.064	0.077	0.086	0.078	0.102	0.25	0.115		
		0.102	0.102	0.171	0.243	0.081	0.085	0.08	0.098	0.095	0.108	0.069	0.085		
		0.208	0.099	0.109	0.078	0.066	0.102	0.058	0.107	0.073	0.118	0.082	0.091		
		0.09	0.087	0.134	0.105	0.07	0.101	0.06	0.106	0.22	0.095	0.11	0.084		
		0.208	0.073	0.148	0.102	0.066	0.078	0.111	0.075	0.095	0.204	0.206	0.171		
		0.237	0.2	0.101	0.126	0.061	0.188	0.085	0.091	0.076	0.168	0.095	0.09		
		0.24	0.491	0.056	0.062	0.112	0.07	0.186	0.079	0.106	0.07	0.133	0.273		
		
400	17.90	0.073	0.325	0.108	0.14	0.106	0.079	0.125	0.075	0.183	0.086	0.076	0.116		
		0.108	0.123	0.171	0.085	0.072	0.058	0.071	0.079	0.071	0.09	0.237	0.091		
		0.093	0.092	0.161	0.238	0.074	0.079	0.073	0.089	0.087	0.101	0.062	0.078		
		0.199	0.09	0.103	0.071	0.059	0.092	0.053	0.098	0.066	0.135	0.128	0.085		
		0.087	0.081	0.126	0.105	0.064	0.092	0.055	0.098	0.21	0.086	0.1	0.077		
		0.197	0.065	0.135	0.093	0.059	0.071	0.102	0.067	0.087	0.195	0.208	0.185		
		0.228	0.174	0.093	0.099	0.055	0.185	0.077	0.084	0.069	0.158	0.088	0.084		
		0.228	0.459	0.05	0.055	0.109	0.065	0.176	0.07	0.098	0.064	0.102	0.27		
		
410	17.90	0.068	0.314	0.106	0.132	0.097	0.073	0.119	0.069	0.174	0.083	0.07	0.107		
		0.101	0.116	0.163	0.079	0.066	0.054	0.065	0.072	0.065	0.082	0.232	0.084		
		0.086	0.091	0.156	0.231	0.068	0.078	0.068	0.082	0.081	0.095	0.057	0.072		
		0.19	0.085	0.095	0.066	0.054	0.085	0.048	0.09	0.06	0.096	0.181	0.079		
		0.084	0.075	0.117	0.101	0.059	0.085	0.05	0.09	0.199	0.079	0.092	0.071		
		0.188	0.06	0.131	0.086	0.054	0.065	0.095	0.062	0.081	0.186	0.236	0.175		
		0.22	0.177	0.088	0.09	0.051	0.171	0.069	0.078	0.063	0.149	0.082	0.081		
		0.216	0.447	0.046	0.052	0.1	0.059	0.167	0.067	0.089	0.06	0.087	0.262		
		
420	17.90	0.063	0.303	0.101	0.127	0.091	0.069	0.113	0.065	0.165	0.085	0.067	0.101		
		0.097	0.113	0.156	0.074	0.061	0.05	0.06	0.067	0.06	0.075	0.218	0.079		
		0.08	0.092	0.15	0.223	0.064	0.07	0.064	0.075	0.075	0.09	0.054	0.067		
		0.182	0.079	0.088	0.06	0.05	0.077	0.045	0.082	0.056	0.083	0.169	0.079		
		0.079	0.072	0.125	0.106	0.056	0.08	0.047	0.085	0.191	0.074	0.087	0.067		
		0.183	0.056	0.128	0.081	0.051	0.06	0.09	0.058	0.075	0.18	0.194	0.148		
		0.21	0.156	0.082	0.093	0.047	0.165	0.064	0.073	0.058	0.142	0.08	0.074		
		0.206	0.398	0.042	0.05	0.093	0.062	0.159	0.065	0.077	0.054	0.087	0.256		
		
430	18.00	0.061	0.295	0.096	0.123	0.089	0.065	0.11	0.061	0.16	0.09	0.064	0.095		
		0.093	0.104	0.152	0.071	0.058	0.048	0.057	0.063	0.056	0.073	0.211	0.093		
		0.076	0.082	0.147	0.223	0.061	0.069	0.061	0.071	0.071	0.086	0.051	0.064		
		0.178	0.075	0.084	0.057	0.047	0.074	0.043	0.078	0.053	0.072	0.159	0.1		
		0.074	0.07	0.106	0.101	0.053	0.075	0.044	0.082	0.184	0.071	0.083	0.064		
		0.177	0.053	0.121	0.077	0.049	0.057	0.085	0.055	0.072	0.178	0.177	0.118		
		0.213	0.156	0.081	0.085	0.045	0.155	0.06	0.07	0.055	0.136	0.08	0.074		
		0.2	0.395	0.041	0.054	0.093	0.061	0.154	0.064	0.063	0.053	0.083	0.25		
		
440	18.00	0.059	0.287	0.093	0.119	0.086	0.062	0.106	0.058	0.156	0.11	0.062	0.092		
		0.089	0.1	0.148	0.067	0.055	0.046	0.054	0.06	0.053	0.07	0.2	0.074		
		0.072	0.101	0.142	0.22	0.057	0.071	0.059	0.066	0.068	0.084	0.049	0.061		
		0.172	0.072	0.08	0.054	0.045	0.069	0.041	0.073	0.05	0.067	0.123	0.102		
		0.071	0.069	0.104	0.095	0.051	0.072	0.043	0.078	0.178	0.068	0.079	0.061		
		0.171	0.05	0.112	0.073	0.046	0.054	0.082	0.052	0.068	0.172	0.187	0.1		
		0.212	0.167	0.076	0.081	0.043	0.143	0.057	0.066	0.052	0.131	0.076	0.074		
		0.191	0.391	0.039	0.044	0.091	0.051	0.148	0.063	0.061	0.05	0.075	0.254		
		
450	18.00	0.056	0.281	0.098	0.117	0.082	0.06	0.104	0.056	0.151	0.111	0.06	0.089		
		0.087	0.098	0.145	0.065	0.053	0.045	0.053	0.058	0.052	0.07	0.196	0.072		
		0.069	0.078	0.139	0.218	0.055	0.064	0.057	0.064	0.065	0.082	0.048	0.059		
		0.168	0.07	0.076	0.052	0.044	0.066	0.04	0.069	0.048	0.065	0.1	0.074		
		0.068	0.065	0.102	0.09	0.049	0.069	0.041	0.075	0.173	0.065	0.077	0.059		
		0.169	0.049	0.111	0.07	0.045	0.052	0.079	0.05	0.066	0.169	0.184	0.093		
		0.208	0.184	0.075	0.085	0.042	0.141	0.055	0.064	0.051	0.126	0.074	0.073		
		0.187	0.375	0.038	0.05	0.089	0.051	0.145	0.064	0.071	0.05	0.074	0.248		
		
460	18.00	0.056	0.276	0.092	0.114	0.083	0.058	0.101	0.055	0.149	0.104	0.057	0.087		
		0.085	0.094	0.141	0.062	0.051	0.044	0.05	0.055	0.05	0.074	0.191	0.065		
		0.067	0.096	0.136	0.212	0.053	0.061	0.055	0.061	0.063	0.079	0.047	0.057		
		0.164	0.068	0.073	0.05	0.042	0.063	0.039	0.066	0.047	0.06	0.092	0.067		
		0.066	0.064	0.096	0.088	0.048	0.066	0.04	0.071	0.169	0.063	0.074	0.058		
		0.167	0.047	0.111	0.067	0.044	0.05	0.077	0.049	0.066	0.166	0.164	0.091		
		0.206	0.188	0.073	0.077	0.04	0.143	0.053	0.062	0.049	0.123	0.072	0.071		
		0.18	0.367	0.036	0.042	0.084	0.049	0.14	0.065	0.065	0.051	0.078	0.252		
		
470	18.00	0.054	0.269	0.089	0.112	0.078	0.057	0.099	0.054	0.145	0.086	0.057	0.086		
		0.083	0.093	0.139	0.061	0.05	0.043	0.049	0.053	0.048	0.088	0.188	0.068		
		0.065	0.075	0.136	0.21	0.051	0.069	0.054	0.059	0.062	0.078	0.053	0.057		
		0.162	0.067	0.071	0.048	0.042	0.061	0.039	0.064	0.046	0.059	0.087	0.065		
		0.066	0.063	0.092	0.087	0.048	0.065	0.041	0.07	0.166	0.062	0.076	0.058		
		0.162	0.046	0.107	0.065	0.043	0.048	0.075	0.047	0.063	0.163	0.157	0.089		
		0.201	0.158	0.072	0.077	0.04	0.144	0.052	0.06	0.048	0.12	0.072	0.075		
		0.178	0.366	0.037	0.041	0.085	0.048	0.137	0.074	0.076	0.062	0.071	0.249		
		
480	18.00	0.053	0.264	0.087	0.109	0.076	0.055	0.097	0.052	0.141	0.076	0.055	0.084		
		0.081	0.09	0.137	0.059	0.049	0.042	0.048	0.052	0.047	0.113	0.184	0.063		
		0.063	0.082	0.133	0.213	0.05	0.067	0.054	0.057	0.061	0.076	0.053	0.055		
		0.158	0.065	0.07	0.046	0.04	0.058	0.037	0.06	0.044	0.06	0.084	0.066		
		0.064	0.061	0.089	0.085	0.046	0.063	0.039	0.068	0.161	0.06	0.073	0.057		
		0.159	0.045	0.104	0.063	0.042	0.047	0.073	0.046	0.062	0.161	0.146	0.087		
		0.198	0.157	0.07	0.074	0.039	0.136	0.05	0.059	0.047	0.116	0.07	0.08		
		0.173	0.352	0.037	0.043	0.081	0.047	0.134	0.089	0.075	0.084	0.072	0.242		
		
490	18.00	0.053	0.26	0.089	0.108	0.077	0.054	0.096	0.051	0.139	0.072	0.056	0.082		
		0.08	0.088	0.134	0.057	0.047	0.041	0.047	0.05	0.046	0.136	0.18	0.061		
		0.061	0.076	0.131	0.213	0.05	0.064	0.052	0.055	0.059	0.077	0.054	0.054		
		0.157	0.064	0.068	0.046	0.04	0.056	0.037	0.059	0.043	0.063	0.083	0.067		
		0.065	0.06	0.088	0.084	0.046	0.062	0.039	0.068	0.159	0.059	0.073	0.056		
		0.157	0.044	0.101	0.061	0.041	0.046	0.071	0.045	0.06	0.158	0.142	0.087		
		0.193	0.141	0.069	0.074	0.039	0.129	0.049	0.058	0.045	0.114	0.07	0.097		
		0.17	0.359	0.036	0.048	0.078	0.046	0.131	0.118	0.058	0.108	0.072	0.246		
		
500	18.00	0.051	0.255	0.084	0.108	0.073	0.052	0.094	0.051	0.135	0.067	0.055	0.081		
		0.079	0.087	0.132	0.056	0.046	0.041	0.046	0.049	0.045	0.153	0.175	0.059		
		0.059	0.074	0.13	0.214	0.048	0.059	0.051	0.053	0.058	0.074	0.078	0.053		
		0.156	0.064	0.065	0.044	0.039	0.055	0.036	0.056	0.042	0.064	0.084	0.068		
		0.062	0.06	0.087	0.082	0.045	0.06	0.039	0.065	0.157	0.058	0.07	0.055		
		0.157	0.043	0.101	0.059	0.04	0.045	0.07	0.044	0.058	0.157	0.129	0.086		
		0.197	0.139	0.069	0.074	0.038	0.126	0.048	0.057	0.044	0.111	0.073	0.109		
		0.169	0.348	0.035	0.04	0.077	0.046	0.129	0.154	0.062	0.12	0.071	0.245		
		
510	18.00	0.05	0.252	0.083	0.105	0.072	0.051	0.092	0.05	0.133	0.062	0.053	0.08		
		0.078	0.085	0.13	0.055	0.045	0.04	0.045	0.048	0.044	0.157	0.176	0.059		
		0.058	0.08	0.127	0.215	0.047	0.057	0.051	0.052	0.057	0.072	0.049	0.052		
		0.154	0.063	0.064	0.043	0.038	0.053	0.036	0.055	0.042	0.061	0.081	0.072		
		0.059	0.058	0.085	0.078	0.044	0.058	0.038	0.063	0.153	0.057	0.069	0.054		
		0.152	0.042	0.099	0.058	0.04	0.044	0.07	0.043	0.058	0.155	0.125	0.083		
		0.191	0.133	0.067	0.072	0.038	0.127	0.047	0.055	0.044	0.109	0.073	0.111		
		0.165	0.344	0.035	0.039	0.074	0.045	0.126	0.174	0.062	0.097	0.071	0.244		
		
520	18.00	0.05	0.247	0.084	0.103	0.071	0.051	0.092	0.049	0.13	0.06	0.053	0.079		
		0.077	0.081	0.128	0.054	0.045	0.04	0.044	0.047	0.043	0.159	0.173	0.058		
		0.057	0.071	0.127	0.21	0.046	0.056	0.05	0.05	0.056	0.072	0.045	0.052		
		0.15	0.062	0.063	0.043	0.038	0.052	0.036	0.054	0.042	0.062	0.074	0.092		
		0.059	0.057	0.083	0.077	0.044	0.057	0.038	0.063	0.15	0.056	0.073	0.054		
		0.149	0.042	0.097	0.057	0.039	0.043	0.07	0.043	0.058	0.152	0.132	0.079		
		0.187	0.133	0.067	0.071	0.037	0.134	0.046	0.054	0.043	0.107	0.071	0.108		
		0.161	0.337	0.035	0.047	0.077	0.045	0.123	0.179	0.055	0.063	0.068	0.241		
		
530	18.00	0.05	0.243	0.081	0.102	0.07	0.05	0.09	0.048	0.128	0.058	0.054	0.079		
		0.075	0.079	0.126	0.053	0.044	0.039	0.044	0.046	0.043	0.161	0.165	0.056		
		0.056	0.08	0.125	0.211	0.045	0.057	0.049	0.049	0.055	0.071	0.045	0.051		
		0.149	0.061	0.061	0.042	0.038	0.051	0.036	0.052	0.041	0.061	0.069	0.074		
		0.059	0.057	0.082	0.076	0.044	0.056	0.038	0.061	0.147	0.054	0.071	0.053		
		0.147	0.041	0.096	0.056	0.039	0.042	0.068	0.042	0.057	0.15	0.135	0.077		
		0.184	0.135	0.066	0.071	0.037	0.144	0.045	0.054	0.043	0.105	0.073	0.105		
		0.159	0.333	0.035	0.039	0.076	0.045	0.121	0.144	0.056	0.051	0.068	0.236		
		
540	18.00	0.049	0.24	0.081	0.101	0.069	0.05	0.089	0.048	0.126	0.058	0.053	0.078		
		0.073	0.079	0.124	0.052	0.043	0.039	0.043	0.045	0.041	0.158	0.162	0.055		
		0.054	0.068	0.124	0.209	0.044	0.06	0.049	0.047	0.054	0.07	0.045	0.05		
		0.147	0.061	0.06	0.041	0.037	0.049	0.036	0.051	0.04	0.06	0.066	0.064		
		0.06	0.056	0.083	0.075	0.043	0.056	0.038	0.06	0.144	0.052	0.069	0.054		
		0.144	0.041	0.095	0.055	0.039	0.042	0.067	0.042	0.055	0.148	0.13	0.077		
		0.179	0.128	0.067	0.078	0.037	0.147	0.045	0.053	0.043	0.103	0.072	0.101		
		0.158	0.326	0.035	0.041	0.075	0.045	0.119	0.091	0.064	0.049	0.065	0.235		
		
550	18.00	0.049	0.238	0.086	0.101	0.068	0.049	0.089	0.047	0.126	0.058	0.052	0.078		
		0.073	0.078	0.124	0.051	0.043	0.038	0.042	0.044	0.041	0.155	0.157	0.055		
		0.053	0.075	0.124	0.205	0.045	0.058	0.048	0.048	0.054	0.069	0.045	0.05		
		0.147	0.061	0.059	0.041	0.037	0.048	0.036	0.05	0.04	0.061	0.064	0.061		
		0.059	0.055	0.084	0.071	0.043	0.055	0.038	0.059	0.143	0.051	0.067	0.053		
		0.144	0.04	0.094	0.054	0.038	0.041	0.066	0.042	0.054	0.149	0.123	0.076		
		0.181	0.126	0.065	0.075	0.037	0.148	0.044	0.052	0.042	0.101	0.07	0.096		
		0.156	0.317	0.034	0.045	0.077	0.045	0.117	0.075	0.056	0.05	0.069	0.237		
		
560	18.00	0.048	0.233	0.077	0.1	0.067	0.048	0.087	0.047	0.123	0.056	0.053	0.076		
		0.073	0.075	0.122	0.05	0.042	0.039	0.042	0.044	0.041	0.157	0.156	0.054		
		0.053	0.07	0.122	0.206	0.045	0.057	0.049	0.047	0.054	0.069	0.044	0.05		
		0.145	0.06	0.059	0.04	0.037	0.048	0.036	0.049	0.04	0.063	0.061	0.061		
		0.059	0.055	0.083	0.07	0.043	0.054	0.038	0.058	0.141	0.051	0.065	0.053		
		0.142	0.04	0.095	0.053	0.039	0.041	0.066	0.042	0.054	0.148	0.12	0.077		
		0.177	0.123	0.065	0.077	0.037	0.151	0.044	0.052	0.042	0.1	0.07	0.097		
		0.153	0.315	0.035	0.042	0.073	0.045	0.116	0.073	0.058	0.058	0.069	0.237		
		
570	18.00	0.049	0.23	0.08	0.098	0.067	0.047	0.085	0.046	0.12	0.058	0.052	0.075		
		0.072	0.073	0.12	0.05	0.042	0.039	0.042	0.044	0.041	0.151	0.149	0.054		
		0.052	0.068	0.121	0.205	0.045	0.057	0.048	0.046	0.053	0.068	0.046	0.049		
		0.143	0.059	0.057	0.039	0.036	0.046	0.035	0.047	0.039	0.062	0.06	0.06		
		0.056	0.054	0.082	0.069	0.042	0.053	0.037	0.056	0.137	0.049	0.062	0.052		
		0.14	0.04	0.093	0.052	0.038	0.041	0.065	0.041	0.053	0.145	0.112	0.076		
		0.174	0.122	0.064	0.071	0.036	0.149	0.043	0.051	0.041	0.098	0.07	0.093		
		0.148	0.311	0.035	0.044	0.073	0.045	0.112	0.068	0.061	0.052	0.069	0.235		
		
580	18.00	0.048	0.227	0.077	0.096	0.066	0.048	0.085	0.046	0.119	0.059	0.052	0.075		
		0.07	0.071	0.118	0.048	0.041	0.037	0.04	0.042	0.04	0.141	0.15	0.052		
		0.052	0.074	0.12	0.206	0.045	0.059	0.047	0.045	0.052	0.067	0.044	0.049		
		0.141	0.059	0.057	0.039	0.037	0.046	0.035	0.047	0.039	0.06	0.061	0.063		
		0.056	0.055	0.079	0.069	0.042	0.053	0.038	0.056	0.136	0.048	0.061	0.052		
		0.139	0.04	0.091	0.052	0.038	0.041	0.064	0.041	0.053	0.144	0.107	0.075		
		0.174	0.12	0.063	0.069	0.037	0.151	0.043	0.051	0.041	0.097	0.072	0.09		
		0.146	0.313	0.035	0.039	0.071	0.045	0.111	0.064	0.053	0.05	0.067	0.237		
		
590	18.00	0.047	0.223	0.079	0.095	0.065	0.047	0.083	0.046	0.116	0.06	0.051	0.074		
		0.07	0.071	0.117	0.048	0.041	0.038	0.04	0.042	0.04	0.131	0.152	0.052		
		0.05	0.068	0.119	0.204	0.044	0.056	0.046	0.044	0.051	0.066	0.043	0.048		
		0.139	0.058	0.056	0.039	0.036	0.045	0.035	0.046	0.039	0.058	0.061	0.061		
		0.055	0.053	0.078	0.069	0.041	0.051	0.037	0.056	0.133	0.047	0.061	0.051		
		0.137	0.039	0.091	0.05	0.037	0.039	0.063	0.04	0.051	0.142	0.104	0.074		
		0.17	0.116	0.062	0.069	0.036	0.154	0.042	0.05	0.04	0.095	0.073	0.082		
		0.146	0.306	0.035	0.041	0.07	0.044	0.109	0.062	0.051	0.051	0.065	0.235		
		
600	18.00	0.047	0.22	0.079	0.094	0.065	0.046	0.083	0.045	0.115	0.065	0.051	0.074		
		0.069	0.072	0.115	0.048	0.04	0.038	0.04	0.042	0.039	0.123	0.141	0.052		
		0.05	0.065	0.118	0.205	0.044	0.055	0.046	0.043	0.05	0.065	0.043	0.048		
		0.138	0.057	0.055	0.038	0.036	0.044	0.035	0.045	0.038	0.056	0.061	0.061		
		0.054	0.053	0.077	0.071	0.041	0.051	0.038	0.057	0.132	0.047	0.061	0.051		
		0.134	0.039	0.09	0.049	0.037	0.039	0.063	0.04	0.05	0.141	0.103	0.073		
		0.173	0.115	0.063	0.074	0.036	0.156	0.042	0.049	0.04	0.094	0.075	0.08		
		0.143	0.304	0.035	0.041	0.072	0.045	0.107	0.06	0.057	0.048	0.065	0.229		
		
610	18.10	0.047	0.215	0.074	0.094	0.064	0.046	0.082	0.045	0.114	0.066	0.053	0.073		
		0.069	0.072	0.114	0.048	0.041	0.038	0.04	0.042	0.04	0.115	0.142	0.051		
		0.049	0.067	0.117	0.2	0.044	0.056	0.046	0.043	0.05	0.065	0.043	0.048		
		0.138	0.057	0.055	0.038	0.036	0.044	0.035	0.045	0.038	0.054	0.062	0.063		
		0.053	0.053	0.077	0.073	0.041	0.051	0.037	0.056	0.13	0.045	0.061	0.051		
		0.135	0.038	0.087	0.049	0.037	0.039	0.063	0.04	0.049	0.139	0.102	0.073		
		0.172	0.115	0.062	0.071	0.036	0.155	0.042	0.049	0.04	0.092	0.076	0.08		
		0.141	0.308	0.035	0.039	0.071	0.044	0.105	0.061	0.064	0.048	0.071	0.232		
		
620	18.10	0.047	0.214	0.074	0.094	0.063	0.045	0.081	0.044	0.113	0.062	0.051	0.072		
		0.068	0.071	0.114	0.047	0.04	0.037	0.04	0.041	0.039	0.109	0.137	0.05		
		0.048	0.064	0.116	0.199	0.043	0.053	0.045	0.042	0.049	0.064	0.042	0.047		
		0.135	0.056	0.054	0.038	0.036	0.044	0.035	0.044	0.038	0.053	0.062	0.061		
		0.053	0.053	0.076	0.073	0.041	0.05	0.037	0.056	0.129	0.045	0.061	0.051		
		0.135	0.038	0.087	0.048	0.037	0.039	0.063	0.04	0.048	0.139	0.101	0.074		
		0.171	0.116	0.061	0.065	0.036	0.153	0.041	0.049	0.039	0.091	0.076	0.077		
		0.139	0.296	0.035	0.041	0.069	0.045	0.105	0.055	0.056	0.054	0.066	0.227		
		
630	18.10	0.046	0.212	0.073	0.091	0.063	0.044	0.079	0.043	0.11	0.06	0.05	0.071		
		0.067	0.07	0.111	0.046	0.039	0.037	0.039	0.04	0.038	0.106	0.137	0.05		
		0.047	0.064	0.115	0.202	0.042	0.055	0.044	0.041	0.048	0.063	0.042	0.046		
		0.135	0.056	0.053	0.037	0.035	0.042	0.034	0.043	0.037	0.052	0.069	0.06		
		0.051	0.052	0.075	0.071	0.04	0.049	0.036	0.055	0.125	0.044	0.061	0.05		
		0.132	0.038	0.084	0.047	0.036	0.038	0.063	0.039	0.046	0.136	0.104	0.074		
		0.171	0.117	0.061	0.07	0.036	0.147	0.041	0.048	0.038	0.089	0.074	0.074		
		0.139	0.295	0.034	0.038	0.07	0.044	0.101	0.054	0.058	0.055	0.063	0.225		
		
640	18.10	0.045	0.207	0.078	0.089	0.061	0.044	0.078	0.042	0.11	0.059	0.05	0.07		
		0.066	0.069	0.11	0.045	0.039	0.037	0.039	0.04	0.038	0.102	0.134	0.049		
		0.047	0.065	0.114	0.199	0.041	0.056	0.044	0.041	0.048	0.063	0.044	0.046		
		0.132	0.054	0.051	0.037	0.035	0.042	0.034	0.042	0.037	0.051	0.07	0.059		
		0.051	0.052	0.073	0.069	0.04	0.049	0.036	0.054	0.125	0.044	0.06	0.05		
		0.13	0.037	0.086	0.047	0.036	0.038	0.063	0.039	0.045	0.134	0.104	0.073		
		0.173	0.115	0.061	0.063	0.035	0.139	0.04	0.047	0.038	0.088	0.071	0.072		
		0.135	0.296	0.034	0.04	0.069	0.047	0.1	0.071	0.05	0.051	0.063	0.224		
		
650	18.10	0.045	0.205	0.074	0.091	0.062	0.043	0.077	0.043	0.108	0.057	0.05	0.071		
		0.066	0.068	0.108	0.045	0.038	0.037	0.038	0.04	0.038	0.101	0.137	0.049		
		0.046	0.062	0.112	0.201	0.041	0.058	0.043	0.04	0.047	0.062	0.041	0.045		
		0.133	0.054	0.05	0.036	0.035	0.041	0.034	0.041	0.036	0.05	0.062	0.058		
		0.05	0.051	0.072	0.065	0.039	0.048	0.035	0.053	0.123	0.042	0.058	0.049		
		0.131	0.037	0.082	0.046	0.035	0.037	0.062	0.038	0.044	0.134	0.101	0.073		
		0.166	0.115	0.059	0.066	0.035	0.134	0.039	0.047	0.038	0.087	0.068	0.07		
		0.133	0.295	0.034	0.039	0.069	0.046	0.099	0.092	0.047	0.061	0.065	0.217		
		
660	18.10	0.044	0.202	0.071	0.088	0.061	0.042	0.077	0.042	0.105	0.054	0.049	0.071		
		0.065	0.068	0.107	0.044	0.038	0.036	0.038	0.039	0.037	0.103	0.127	0.048		
		0.046	0.065	0.112	0.196	0.041	0.052	0.044	0.04	0.046	0.061	0.044	0.045		
		0.13	0.054	0.05	0.036	0.035	0.041	0.034	0.041	0.036	0.05	0.06	0.058		
		0.05	0.051	0.071	0.065	0.039	0.047	0.036	0.052	0.121	0.042	0.058	0.049		
		0.128	0.037	0.082	0.046	0.036	0.037	0.062	0.038	0.045	0.132	0.098	0.074		
		0.168	0.115	0.059	0.062	0.035	0.134	0.039	0.046	0.037	0.085	0.064	0.069		
		0.13	0.288	0.034	0.046	0.067	0.044	0.096	0.107	0.049	0.063	0.066	0.218		
		
670	18.10	0.045	0.201	0.07	0.09	0.06	0.043	0.077	0.042	0.106	0.054	0.049	0.071		
		0.064	0.068	0.108	0.044	0.038	0.037	0.038	0.039	0.037	0.107	0.133	0.048		
		0.045	0.063	0.111	0.196	0.04	0.051	0.044	0.04	0.046	0.061	0.042	0.045		
		0.131	0.053	0.049	0.036	0.035	0.04	0.034	0.041	0.036	0.05	0.056	0.058		
		0.05	0.051	0.07	0.065	0.039	0.047	0.036	0.051	0.12	0.041	0.058	0.05		
		0.129	0.037	0.081	0.045	0.035	0.037	0.062	0.038	0.044	0.132	0.097	0.073		
		0.166	0.117	0.059	0.064	0.035	0.139	0.039	0.046	0.038	0.085	0.062	0.069		
		0.131	0.284	0.034	0.041	0.068	0.046	0.096	0.117	0.061	0.054	0.067	0.221		
		
680	18.10	0.044	0.198	0.075	0.086	0.059	0.042	0.075	0.041	0.103	0.054	0.05	0.069		
		0.064	0.066	0.105	0.043	0.038	0.036	0.038	0.039	0.037	0.106	0.131	0.047		
		0.045	0.063	0.111	0.191	0.04	0.055	0.043	0.04	0.046	0.061	0.042	0.044		
		0.128	0.053	0.049	0.035	0.034	0.04	0.033	0.04	0.036	0.05	0.053	0.057		
		0.051	0.051	0.069	0.064	0.039	0.047	0.036	0.049	0.117	0.041	0.057	0.049		
		0.127	0.036	0.083	0.044	0.035	0.037	0.062	0.038	0.044	0.131	0.096	0.073		
		0.16	0.117	0.059	0.062	0.035	0.145	0.039	0.046	0.037	0.084	0.061	0.069		
		0.13	0.285	0.034	0.04	0.068	0.048	0.094	0.116	0.054	0.054	0.07	0.218		
		
690	18.10	0.044	0.195	0.071	0.087	0.061	0.042	0.075	0.041	0.104	0.055	0.05	0.07		
		0.063	0.064	0.105	0.043	0.037	0.036	0.037	0.038	0.037	0.107	0.125	0.047		
		0.044	0.063	0.111	0.19	0.039	0.051	0.043	0.039	0.045	0.06	0.042	0.044		
		0.128	0.053	0.048	0.035	0.034	0.04	0.033	0.04	0.035	0.049	0.051	0.057		
		0.051	0.05	0.069	0.066	0.038	0.046	0.035	0.048	0.118	0.041	0.057	0.049		
		0.126	0.036	0.079	0.044	0.035	0.037	0.062	0.038	0.043	0.131	0.1	0.073		
		0.162	0.119	0.059	0.06	0.035	0.165	0.039	0.045	0.037	0.084	0.061	0.069		
		0.129	0.284	0.034	0.04	0.065	0.046	0.094	0.109	0.056	0.061	0.073	0.218		
		
700	18.10	0.044	0.193	0.069	0.085	0.06	0.042	0.074	0.042	0.101	0.057	0.049	0.07		
		0.062	0.062	0.103	0.043	0.037	0.036	0.037	0.038	0.036	0.108	0.119	0.046		
		0.044	0.061	0.109	0.187	0.04	0.05	0.043	0.039	0.046	0.06	0.041	0.045		
		0.126	0.052	0.048	0.035	0.034	0.039	0.033	0.039	0.035	0.046	0.052	0.057		
		0.051	0.051	0.068	0.068	0.038	0.046	0.036	0.047	0.115	0.041	0.056	0.049		
		0.125	0.036	0.08	0.044	0.035	0.037	0.061	0.038	0.042	0.129	0.1	0.073		
		0.16	0.118	0.058	0.062	0.034	0.174	0.038	0.045	0.037	0.082	0.062	0.072		
		0.125	0.276	0.034	0.039	0.066	0.047	0.092	0.098	0.05	0.061	0.075	0.218		
		
710	18.10	0.046	0.193	0.071	0.086	0.061	0.043	0.075	0.043	0.102	0.055	0.05	0.069		
		0.064	0.063	0.104	0.043	0.038	0.037	0.038	0.039	0.037	0.113	0.119	0.047		
		0.044	0.067	0.11	0.189	0.04	0.052	0.043	0.039	0.048	0.061	0.042	0.044		
		0.128	0.055	0.05	0.036	0.035	0.04	0.034	0.04	0.036	0.045	0.06	0.059		
		0.053	0.051	0.07	0.071	0.04	0.047	0.037	0.048	0.116	0.042	0.057	0.05		
		0.126	0.037	0.082	0.044	0.035	0.037	0.062	0.038	0.042	0.13	0.098	0.074		
		0.16	0.118	0.058	0.062	0.034	0.174	0.038	0.046	0.037	0.082	0.063	0.073		
		0.125	0.282	0.036	0.042	0.067	0.047	0.092	0.086	0.048	0.053	0.077	0.215		
		
720	18.10	0.046	0.191	0.078	0.087	0.061	0.044	0.075	0.044	0.102	0.055	0.051	0.072		
		0.065	0.064	0.104	0.045	0.039	0.037	0.038	0.039	0.038	0.119	0.119	0.049		
		0.045	0.064	0.111	0.186	0.04	0.058	0.043	0.039	0.047	0.062	0.043	0.045		
		0.127	0.055	0.049	0.036	0.036	0.04	0.035	0.041	0.036	0.046	0.061	0.06		
		0.055	0.053	0.071	0.071	0.041	0.048	0.038	0.049	0.116	0.043	0.058	0.051		
		0.126	0.038	0.08	0.045	0.036	0.038	0.062	0.039	0.042	0.13	0.097	0.074		
		0.156	0.118	0.061	0.063	0.036	0.187	0.041	0.048	0.038	0.083	0.064	0.074		
		0.126	0.279	0.037	0.044	0.071	0.049	0.092	0.075	0.051	0.058	0.08	0.214		
		
730	18.20	0.047	0.189	0.071	0.086	0.062	0.044	0.074	0.044	0.102	0.054	0.053	0.073		
		0.065	0.065	0.104	0.045	0.04	0.039	0.04	0.041	0.04	0.123	0.116	0.05		
		0.045	0.063	0.111	0.188	0.042	0.052	0.045	0.04	0.049	0.062	0.045	0.047		
		0.127	0.055	0.051	0.038	0.036	0.041	0.036	0.042	0.037	0.047	0.054	0.06		
		0.055	0.053	0.071	0.07	0.04	0.048	0.038	0.048	0.115	0.043	0.058	0.052		
		0.126	0.04	0.086	0.046	0.038	0.04	0.063	0.041	0.043	0.129	0.095	0.074		
		0.156	0.117	0.062	0.065	0.038	0.16	0.041	0.048	0.04	0.083	0.063	0.073		
		0.125	0.273	0.037	0.04	0.068	0.049	0.091	0.069	0.06	0.053	0.078	0.212		
		
740	18.20	0.047	0.187	0.072	0.087	0.061	0.044	0.074	0.045	0.101	0.054	0.052	0.075		
		0.065	0.064	0.104	0.045	0.041	0.038	0.039	0.04	0.04	0.128	0.12	0.05		
		0.047	0.065	0.112	0.189	0.044	0.053	0.046	0.041	0.05	0.063	0.046	0.048		
		0.128	0.058	0.054	0.04	0.039	0.044	0.037	0.044	0.04	0.049	0.055	0.062		
		0.055	0.054	0.071	0.07	0.041	0.048	0.038	0.048	0.116	0.044	0.059	0.053		
		0.127	0.041	0.081	0.048	0.04	0.042	0.065	0.042	0.044	0.13	0.096	0.075		
		0.158	0.117	0.065	0.065	0.04	0.147	0.044	0.05	0.042	0.084	0.064	0.071		
		0.124	0.275	0.038	0.043	0.07	0.051	0.091	0.067	0.063	0.054	0.077	0.211		
		
750	18.20	0.047	0.186	0.081	0.086	0.061	0.044	0.074	0.044	0.1	0.052	0.053	0.071		
		0.065	0.063	0.104	0.045	0.041	0.039	0.04	0.041	0.041	0.134	0.115	0.051		
		0.048	0.065	0.111	0.187	0.043	0.054	0.045	0.041	0.05	0.063	0.046	0.048		
		0.127	0.056	0.052	0.039	0.038	0.042	0.036	0.043	0.038	0.048	0.055	0.061		
		0.055	0.054	0.072	0.069	0.041	0.048	0.039	0.049	0.115	0.045	0.059	0.053		
		0.127	0.041	0.087	0.047	0.039	0.042	0.064	0.042	0.043	0.13	0.094	0.073		
		0.151	0.114	0.063	0.065	0.039	0.143	0.042	0.049	0.041	0.083	0.064	0.069		
		0.123	0.275	0.039	0.043	0.07	0.053	0.091	0.065	0.062	0.058	0.075	0.214		
		
~End
Copyright © 2004 Molecular Devices. All rights reserved.
