##BLOCKS= 2          
Plate:	Plate#1	1.3	PlateFormat	Spectrum	Absorbance	Raw	FALSE	41			350	750	10			1	12	96	1	8	None	
Wavelength(nm)	Temperature(¡C)	1	2	3	4	5	6	7	8	9	10	11	12		
350	19.70	0.068	0.17	0.243	0.341	0.327	0.452	0.297	0.335	0.333	0.416	0.201	0.223		
		0.195	0.38	0.222	0.277	0.665	1.035	1.515	0.696	0.468	0.692	0.072	0.073		
		0.233	0.259	0.284	0.303	0.456	0.827	0.86	0.699	0.492	0.552	0.55	0.489		
		0.38	0.529	0.598	0.286	1.266	1.562	1.462	1.271	1.009	0.603	0.075	0.071		
		0.228	0.254	0.248	0.343	0.322	0.424	0.285	0.255	0.306	0.306	0.289	0.293		
		0.329	0.338	0.35	0.324	0.331	0.539	0.56	0.461	0.562	0.39	0.074	0.079		
		0.244	0.256	0.306	0.35	0.412	0.473	0.33	0.346	0.465	0.264	0.315	0.496		
		0.42	0.56	0.408	0.488	0.722	0.799	0.478	0.628	0.595	0.518	0.073	0.079		
		
360	19.70	0.062	0.185	0.252	0.365	0.366	0.484	0.317	0.346	0.35	0.42	0.205	0.226		
		0.186	0.389	0.223	0.287	0.646	1.035	1.582	0.72	0.462	0.626	0.063	0.064		
		0.254	0.285	0.296	0.324	0.467	0.826	0.871	0.727	0.523	0.575	0.535	0.526		
		0.365	0.522	0.607	0.278	1.168	1.648	1.497	1.325	0.979	0.571	0.065	0.062		
		0.25	0.282	0.271	0.342	0.362	0.464	0.316	0.278	0.332	0.334	0.301	0.311		
		0.337	0.359	0.339	0.339	0.352	0.563	0.555	0.469	0.552	0.393	0.064	0.069		
		0.263	0.277	0.31	0.33	0.431	0.506	0.345	0.361	0.472	0.284	0.32	0.46		
		0.46	0.583	0.425	0.495	0.709	0.794	0.463	0.66	0.6	0.506	0.063	0.069		
		
370	19.70	0.058	0.198	0.265	0.387	0.388	0.524	0.337	0.36	0.361	0.43	0.209	0.23		
		0.188	0.389	0.224	0.297	0.637	1.074	1.605	0.719	0.461	0.632	0.053	0.054		
		0.278	0.312	0.314	0.344	0.483	0.86	0.881	0.739	0.526	0.564	0.527	0.526		
		0.373	0.519	0.59	0.286	1.198	1.537	1.49	1.332	0.981	0.575	0.055	0.052		
		0.273	0.312	0.297	0.377	0.399	0.509	0.347	0.303	0.365	0.355	0.312	0.328		
		0.346	0.38	0.361	0.362	0.379	0.602	0.566	0.48	0.558	0.402	0.054	0.058		
		0.282	0.304	0.332	0.357	0.457	0.539	0.366	0.375	0.483	0.3	0.333	0.464		
		0.47	0.548	0.469	0.505	0.757	0.833	0.455	0.672	0.61	0.589	0.054	0.057		
		
380	19.70	0.053	0.209	0.28	0.417	0.414	0.574	0.359	0.382	0.376	0.447	0.215	0.234		
		0.197	0.409	0.223	0.307	0.635	1.074	1.645	0.748	0.472	0.635	0.043	0.044		
		0.301	0.34	0.335	0.368	0.504	0.896	0.886	0.751	0.542	0.581	0.542	0.62		
		0.379	0.518	0.602	0.28	1.256	1.463	1.476	1.354	0.968	0.576	0.044	0.041		
		0.295	0.338	0.32	0.409	0.443	0.56	0.379	0.33	0.383	0.375	0.324	0.348		
		0.358	0.395	0.389	0.389	0.412	0.645	0.587	0.499	0.568	0.413	0.044	0.047		
		0.308	0.33	0.355	0.387	0.49	0.583	0.389	0.4	0.483	0.313	0.353	0.487		
		0.456	0.545	0.474	0.516	0.795	0.864	0.477	0.681	0.619	0.555	0.041	0.04		
		
390	19.70	0.044	0.223	0.3	0.449	0.448	0.628	0.391	0.417	0.401	0.475	0.228	0.247		
		0.27	0.426	0.227	0.327	0.657	1.104	1.611	0.732	0.491	0.627	0.038	0.039		
		0.323	0.368	0.362	0.4	0.531	0.939	0.897	0.764	0.566	0.595	0.555	0.548		
		0.386	0.521	0.606	0.278	1.287	1.589	1.518	1.343	0.997	0.573	0.039	0.036		
		0.314	0.361	0.341	0.44	0.483	0.61	0.415	0.36	0.415	0.4	0.344	0.375		
		0.374	0.418	0.415	0.422	0.453	0.699	0.613	0.52	0.585	0.431	0.038	0.041		
		0.329	0.357	0.383	0.421	0.533	0.629	0.421	0.426	0.49	0.338	0.385	0.513		
		0.455	0.546	0.47	0.544	0.842	0.898	0.505	0.709	0.658	0.507	0.038	0.037		
		
400	19.80	0.046	0.229	0.312	0.466	0.472	0.666	0.41	0.448	0.421	0.491	0.234	0.259		
		0.371	0.427	0.234	0.339	0.673	1.145	1.653	0.716	0.506	0.635	0.038	0.039		
		0.333	0.38	0.38	0.422	0.553	0.974	0.9	0.774	0.582	0.599	0.56	0.55		
		0.391	0.524	0.61	0.277	1.296	1.588	1.507	1.353	0.973	0.575	0.038	0.036		
		0.319	0.366	0.348	0.449	0.501	0.632	0.432	0.374	0.432	0.416	0.355	0.391		
		0.383	0.43	0.432	0.446	0.481	0.74	0.633	0.539	0.596	0.446	0.038	0.041		
		0.337	0.368	0.401	0.441	0.566	0.669	0.444	0.447	0.497	0.359	0.401	0.544		
		0.448	0.547	0.482	0.559	0.838	0.92	0.522	0.705	0.68	0.544	0.038	0.037		
		
410	19.80	0.045	0.226	0.313	0.468	0.487	0.688	0.426	0.437	0.434	0.495	0.242	0.264		
		0.369	0.427	0.241	0.35	0.668	1.157	1.626	0.712	0.516	0.636	0.037	0.039		
		0.33	0.378	0.39	0.436	0.568	0.994	0.896	0.773	0.59	0.599	0.561	0.528		
		0.395	0.525	0.636	0.276	1.311	1.586	1.517	1.363	0.96	0.566	0.038	0.036		
		0.313	0.358	0.342	0.443	0.499	0.632	0.435	0.376	0.438	0.421	0.359	0.399		
		0.385	0.441	0.443	0.46	0.502	0.768	0.644	0.55	0.598	0.455	0.038	0.04		
		0.336	0.367	0.408	0.448	0.586	0.694	0.461	0.455	0.498	0.375	0.413	0.562		
		0.448	0.531	0.481	0.568	0.84	0.94	0.524	0.698	0.689	0.556	0.038	0.036		
		
420	19.80	0.044	0.214	0.305	0.459	0.487	0.698	0.429	0.441	0.436	0.497	0.243	0.262		
		0.317	0.44	0.241	0.354	0.653	1.121	1.586	0.707	0.53	0.649	0.036	0.038		
		0.314	0.359	0.391	0.438	0.573	1.002	0.888	0.765	0.589	0.595	0.556	0.54		
		0.393	0.519	0.641	0.272	1.308	1.548	1.489	1.32	0.948	0.566	0.038	0.035		
		0.295	0.337	0.324	0.421	0.48	0.61	0.418	0.361	0.43	0.412	0.35	0.393		
		0.375	0.433	0.445	0.462	0.512	0.777	0.644	0.548	0.592	0.453	0.037	0.04		
		0.321	0.351	0.403	0.441	0.596	0.705	0.469	0.462	0.492	0.38	0.403	0.565		
		0.438	0.546	0.48	0.566	0.853	0.95	0.522	0.738	0.684	0.561	0.037	0.035		
		
430	19.80	0.044	0.204	0.295	0.443	0.479	0.69	0.429	0.437	0.432	0.498	0.244	0.262		
		0.287	0.431	0.243	0.351	0.643	1.1	1.599	0.691	0.523	0.643	0.037	0.038		
		0.298	0.343	0.387	0.437	0.569	0.994	0.874	0.752	0.584	0.588	0.549	0.534		
		0.391	0.513	0.635	0.271	1.297	1.514	1.488	1.329	0.932	0.547	0.038	0.036		
		0.28	0.318	0.308	0.403	0.458	0.586	0.404	0.346	0.416	0.402	0.339	0.387		
		0.364	0.431	0.442	0.456	0.511	0.772	0.633	0.53	0.581	0.445	0.037	0.04		
		0.307	0.335	0.396	0.429	0.596	0.7	0.467	0.446	0.486	0.381	0.403	0.564		
		0.426	0.534	0.48	0.558	0.859	0.935	0.518	0.742	0.666	0.612	0.037	0.035		
		
440	19.80	0.043	0.194	0.283	0.428	0.463	0.675	0.417	0.423	0.423	0.49	0.24	0.255		
		0.249	0.419	0.243	0.344	0.639	1.079	1.551	0.66	0.519	0.648	0.036	0.038		
		0.283	0.325	0.377	0.426	0.559	0.972	0.852	0.732	0.574	0.576	0.539	0.534		
		0.383	0.507	0.624	0.268	1.282	1.541	1.47	1.279	0.925	0.559	0.037	0.036		
		0.266	0.302	0.292	0.38	0.434	0.56	0.381	0.328	0.397	0.383	0.324	0.372		
		0.348	0.427	0.429	0.444	0.501	0.751	0.613	0.511	0.563	0.431	0.037	0.039		
		0.293	0.319	0.381	0.413	0.584	0.689	0.456	0.427	0.471	0.372	0.395	0.548		
		0.408	0.516	0.471	0.545	0.865	0.921	0.51	0.721	0.643	0.587	0.037	0.035		
		
450	19.80	0.043	0.186	0.269	0.412	0.44	0.647	0.395	0.407	0.41	0.47	0.232	0.246		
		0.245	0.404	0.239	0.334	0.627	1.042	1.452	0.624	0.501	0.601	0.037	0.038		
		0.27	0.31	0.358	0.407	0.54	0.936	0.824	0.709	0.559	0.566	0.526	0.527		
		0.373	0.506	0.614	0.265	1.26	1.543	1.471	1.257	0.926	0.539	0.037	0.036		
		0.254	0.288	0.279	0.363	0.413	0.535	0.359	0.311	0.373	0.36	0.305	0.351		
		0.33	0.415	0.408	0.423	0.481	0.717	0.584	0.486	0.539	0.413	0.037	0.039		
		0.279	0.304	0.367	0.394	0.561	0.663	0.436	0.401	0.458	0.361	0.373	0.514		
		0.385	0.49	0.458	0.525	0.851	0.892	0.495	0.673	0.611	0.531	0.036	0.035		
		
460	19.80	0.043	0.176	0.252	0.391	0.406	0.606	0.367	0.386	0.388	0.449	0.22	0.234		
		0.25	0.387	0.23	0.322	0.6	1.029	1.472	0.593	0.493	0.583	0.036	0.037		
		0.256	0.295	0.334	0.381	0.508	0.883	0.788	0.676	0.536	0.54	0.507	0.524		
		0.361	0.483	0.591	0.265	1.233	1.487	1.473	1.21	0.886	0.53	0.037	0.035		
		0.243	0.276	0.266	0.345	0.386	0.504	0.333	0.292	0.345	0.333	0.282	0.326		
		0.308	0.387	0.382	0.395	0.446	0.665	0.545	0.452	0.509	0.389	0.037	0.039		
		0.262	0.288	0.346	0.371	0.527	0.618	0.404	0.373	0.433	0.336	0.346	0.466		
		0.369	0.465	0.438	0.493	0.827	0.843	0.481	0.621	0.576	0.495	0.036	0.035		
		
470	19.80	0.041	0.163	0.226	0.358	0.357	0.541	0.324	0.35	0.351	0.417	0.197	0.214		
		0.251	0.36	0.214	0.299	0.569	1.007	1.465	0.555	0.468	0.55	0.036	0.037		
		0.235	0.268	0.296	0.339	0.461	0.813	0.741	0.632	0.5	0.51	0.478	0.498		
		0.341	0.461	0.57	0.259	1.194	1.566	1.446	1.175	0.87	0.476	0.036	0.035		
		0.224	0.254	0.244	0.317	0.35	0.457	0.297	0.261	0.304	0.295	0.248	0.288		
		0.276	0.342	0.344	0.352	0.397	0.59	0.495	0.407	0.464	0.354	0.037	0.038		
		0.236	0.261	0.312	0.335	0.466	0.561	0.359	0.33	0.401	0.298	0.312	0.411		
		0.351	0.431	0.409	0.451	0.776	0.787	0.454	0.583	0.521	0.435	0.036	0.034		
		
480	19.80	0.039	0.147	0.195	0.317	0.299	0.462	0.272	0.299	0.309	0.379	0.172	0.186		
		0.247	0.333	0.197	0.262	0.54	0.971	1.349	0.535	0.44	0.519	0.036	0.037		
		0.209	0.237	0.249	0.287	0.409	0.729	0.688	0.582	0.464	0.48	0.45	0.472		
		0.321	0.441	0.545	0.257	1.148	1.519	1.423	1.126	0.855	0.47	0.037	0.036		
		0.202	0.23	0.22	0.284	0.305	0.406	0.255	0.226	0.255	0.249	0.21	0.241		
		0.24	0.294	0.297	0.298	0.334	0.504	0.442	0.357	0.419	0.313	0.037	0.039		
		0.206	0.229	0.269	0.288	0.4	0.49	0.303	0.278	0.364	0.252	0.278	0.354		
		0.31	0.393	0.378	0.409	0.714	0.719	0.432	0.564	0.466	0.432	0.036	0.035		
		
490	19.80	0.039	0.134	0.167	0.281	0.246	0.394	0.227	0.256	0.27	0.348	0.15	0.162		
		0.24	0.306	0.18	0.233	0.514	0.94	1.333	0.515	0.418	0.491	0.036	0.037		
		0.186	0.21	0.206	0.238	0.357	0.66	0.647	0.543	0.43	0.45	0.426	0.446		
		0.299	0.421	0.523	0.254	1.108	1.422	1.364	1.075	0.82	0.452	0.037	0.035		
		0.185	0.211	0.199	0.257	0.266	0.36	0.218	0.195	0.212	0.208	0.174	0.2		
		0.207	0.257	0.256	0.248	0.279	0.428	0.395	0.311	0.377	0.275	0.037	0.039		
		0.179	0.202	0.23	0.247	0.335	0.416	0.251	0.232	0.329	0.212	0.236	0.295		
		0.274	0.358	0.355	0.369	0.677	0.66	0.41	0.528	0.419	0.423	0.036	0.035		
		
500	19.80	0.037	0.125	0.142	0.252	0.197	0.326	0.186	0.213	0.236	0.311	0.131	0.141		
		0.246	0.286	0.168	0.208	0.482	0.905	1.324	0.486	0.392	0.454	0.036	0.037		
		0.171	0.19	0.166	0.194	0.311	0.585	0.601	0.5	0.395	0.421	0.399	0.428		
		0.282	0.403	0.499	0.256	1.064	1.408	1.309	1.019	0.803	0.424	0.037	0.035		
		0.175	0.201	0.187	0.239	0.236	0.32	0.188	0.17	0.175	0.174	0.144	0.163		
		0.179	0.204	0.217	0.202	0.227	0.351	0.35	0.27	0.335	0.241	0.037	0.038		
		0.159	0.182	0.196	0.212	0.278	0.343	0.202	0.187	0.298	0.174	0.199	0.253		
		0.249	0.343	0.326	0.328	0.642	0.599	0.379	0.476	0.373	0.365	0.036	0.035		
		
510	19.80	0.038	0.123	0.126	0.233	0.161	0.271	0.149	0.174	0.206	0.275	0.112	0.125		
		0.263	0.292	0.156	0.188	0.457	0.87	1.275	0.458	0.373	0.426	0.036	0.037		
		0.165	0.181	0.132	0.158	0.273	0.527	0.562	0.464	0.367	0.397	0.375	0.414		
		0.266	0.409	0.479	0.25	1.027	1.336	1.25	0.986	0.756	0.405	0.037	0.035		
		0.175	0.203	0.187	0.234	0.221	0.299	0.169	0.155	0.147	0.149	0.118	0.134		
		0.157	0.172	0.188	0.166	0.186	0.294	0.312	0.235	0.301	0.211	0.037	0.038		
		0.147	0.171	0.171	0.188	0.225	0.303	0.162	0.149	0.272	0.143	0.164	0.225		
		0.228	0.307	0.308	0.294	0.614	0.552	0.374	0.442	0.332	0.43	0.036	0.035		
		
520	19.80	0.036	0.124	0.116	0.227	0.139	0.248	0.124	0.15	0.185	0.253	0.098	0.113		
		0.283	0.265	0.146	0.169	0.437	0.829	1.23	0.458	0.364	0.407	0.036	0.037		
		0.168	0.183	0.113	0.132	0.246	0.483	0.532	0.437	0.347	0.38	0.36	0.395		
		0.256	0.371	0.464	0.246	0.993	1.304	1.213	0.958	0.73	0.384	0.037	0.036		
		0.184	0.217	0.195	0.246	0.223	0.301	0.163	0.15	0.131	0.135	0.105	0.115		
		0.142	0.148	0.166	0.141	0.158	0.256	0.285	0.208	0.276	0.189	0.037	0.039		
		0.144	0.171	0.156	0.174	0.189	0.26	0.133	0.122	0.255	0.122	0.136	0.209		
		0.206	0.29	0.296	0.27	0.594	0.506	0.372	0.446	0.303	0.418	0.036	0.035		
		
530	19.80	0.035	0.135	0.114	0.23	0.13	0.216	0.11	0.141	0.17	0.239	0.092	0.107		
		0.282	0.242	0.14	0.157	0.419	0.789	1.221	0.456	0.351	0.394	0.036	0.037		
		0.184	0.199	0.103	0.119	0.225	0.447	0.506	0.414	0.331	0.366	0.347	0.378		
		0.244	0.359	0.448	0.243	0.966	1.262	1.166	0.936	0.694	0.362	0.036	0.036		
		0.206	0.243	0.217	0.27	0.239	0.318	0.171	0.158	0.129	0.133	0.099	0.108		
		0.135	0.14	0.154	0.127	0.142	0.228	0.262	0.189	0.255	0.176	0.037	0.038		
		0.152	0.184	0.154	0.176	0.168	0.234	0.117	0.11	0.235	0.114	0.123	0.189		
		0.19	0.258	0.282	0.249	0.582	0.472	0.357	0.45	0.283	0.371	0.036	0.035		
		
540	19.80	0.038	0.154	0.119	0.247	0.124	0.209	0.102	0.135	0.16	0.231	0.085	0.101		
		0.267	0.239	0.136	0.149	0.405	0.746	1.248	0.454	0.337	0.387	0.036	0.037		
		0.211	0.227	0.101	0.115	0.211	0.422	0.482	0.398	0.319	0.357	0.339	0.369		
		0.236	0.351	0.437	0.234	0.93	1.221	1.143	0.902	0.677	0.353	0.037	0.035		
		0.243	0.291	0.253	0.318	0.276	0.36	0.191	0.177	0.136	0.14	0.099	0.108		
		0.134	0.132	0.145	0.118	0.134	0.21	0.242	0.175	0.237	0.166	0.037	0.038		
		0.17	0.21	0.159	0.189	0.165	0.233	0.106	0.105	0.227	0.11	0.118	0.178		
		0.184	0.244	0.278	0.235	0.581	0.453	0.345	0.406	0.265	0.342	0.036	0.035		
		
550	19.80	0.036	0.177	0.132	0.27	0.127	0.213	0.1	0.135	0.157	0.224	0.086	0.098		
		0.256	0.242	0.133	0.148	0.392	0.708	1.129	0.453	0.323	0.374	0.036	0.037		
		0.242	0.26	0.101	0.115	0.204	0.404	0.464	0.386	0.309	0.348	0.334	0.361		
		0.233	0.343	0.429	0.233	0.909	1.184	1.09	0.875	0.677	0.349	0.036	0.035		
		0.282	0.336	0.294	0.364	0.313	0.403	0.215	0.201	0.149	0.152	0.104	0.115		
		0.139	0.133	0.145	0.117	0.134	0.206	0.23	0.166	0.227	0.162	0.037	0.038		
		0.193	0.24	0.171	0.207	0.155	0.222	0.103	0.109	0.22	0.112	0.121	0.176		
		0.181	0.244	0.269	0.228	0.578	0.435	0.343	0.392	0.253	0.361	0.036	0.035		
		
560	19.80	0.037	0.196	0.145	0.294	0.134	0.217	0.098	0.131	0.153	0.217	0.082	0.095		
		0.238	0.241	0.128	0.144	0.383	0.686	1.067	0.447	0.321	0.36	0.037	0.037		
		0.27	0.293	0.106	0.116	0.197	0.388	0.447	0.375	0.301	0.341	0.32	0.358		
		0.231	0.337	0.422	0.228	0.886	1.161	1.045	0.841	0.682	0.336	0.037	0.036		
		0.307	0.368	0.321	0.399	0.353	0.45	0.242	0.227	0.166	0.169	0.111	0.124		
		0.145	0.136	0.144	0.116	0.135	0.2	0.218	0.159	0.216	0.157	0.038	0.038		
		0.216	0.27	0.186	0.229	0.158	0.222	0.099	0.111	0.216	0.109	0.119	0.174		
		0.176	0.235	0.27	0.219	0.551	0.416	0.339	0.387	0.246	0.297	0.036	0.035		
		
570	19.90	0.038	0.209	0.158	0.318	0.142	0.229	0.094	0.126	0.146	0.207	0.079	0.09		
		0.197	0.243	0.119	0.134	0.367	0.659	1.063	0.436	0.317	0.354	0.036	0.037		
		0.29	0.32	0.111	0.121	0.185	0.369	0.429	0.362	0.291	0.333	0.312	0.354		
		0.221	0.33	0.414	0.219	0.862	1.126	0.996	0.817	0.604	0.348	0.037	0.036		
		0.312	0.374	0.33	0.415	0.388	0.49	0.268	0.252	0.182	0.183	0.117	0.131		
		0.148	0.14	0.142	0.117	0.134	0.193	0.204	0.148	0.203	0.149	0.037	0.039		
		0.236	0.294	0.2	0.252	0.156	0.232	0.097	0.115	0.206	0.107	0.111	0.17		
		0.168	0.232	0.264	0.211	0.515	0.405	0.332	0.381	0.236	0.321	0.037	0.036		
		
580	19.80	0.037	0.224	0.174	0.342	0.152	0.238	0.092	0.119	0.14	0.199	0.075	0.087		
		0.151	0.243	0.113	0.129	0.35	0.637	1.072	0.423	0.307	0.344	0.036	0.037		
		0.311	0.348	0.117	0.125	0.176	0.351	0.412	0.35	0.28	0.323	0.304	0.344		
		0.219	0.321	0.409	0.215	0.842	1.107	0.997	0.788	0.626	0.329	0.037	0.036		
		0.319	0.385	0.341	0.433	0.424	0.532	0.292	0.279	0.202	0.203	0.124	0.142		
		0.155	0.142	0.142	0.118	0.136	0.189	0.195	0.142	0.194	0.145	0.037	0.038		
		0.256	0.319	0.219	0.277	0.158	0.24	0.096	0.12	0.198	0.107	0.109	0.168		
		0.162	0.241	0.258	0.205	0.492	0.387	0.322	0.368	0.231	0.295	0.036	0.035		
		
590	19.90	0.037	0.245	0.192	0.368	0.165	0.25	0.093	0.114	0.134	0.193	0.072	0.086		
		0.132	0.243	0.11	0.125	0.341	0.616	1.119	0.413	0.303	0.338	0.036	0.036		
		0.34	0.385	0.124	0.132	0.17	0.338	0.398	0.341	0.273	0.317	0.297	0.338		
		0.214	0.316	0.399	0.211	0.822	1.088	1.017	0.771	0.632	0.317	0.037	0.036		
		0.341	0.413	0.366	0.467	0.471	0.586	0.325	0.31	0.224	0.224	0.134	0.157		
		0.162	0.143	0.144	0.121	0.14	0.192	0.19	0.139	0.189	0.142	0.037	0.038		
		0.282	0.353	0.239	0.305	0.167	0.247	0.097	0.124	0.192	0.106	0.111	0.173		
		0.162	0.234	0.255	0.202	0.495	0.378	0.31	0.351	0.227	0.286	0.036	0.035		
		
600	19.90	0.038	0.267	0.21	0.396	0.178	0.263	0.095	0.114	0.13	0.189	0.07	0.085		
		0.139	0.25	0.108	0.123	0.338	0.592	1.049	0.401	0.294	0.332	0.036	0.037		
		0.373	0.423	0.133	0.14	0.167	0.33	0.387	0.334	0.269	0.313	0.292	0.331		
		0.21	0.312	0.393	0.205	0.81	1.068	1.024	0.759	0.577	0.341	0.036	0.036		
		0.368	0.448	0.397	0.509	0.519	0.642	0.358	0.343	0.246	0.246	0.143	0.168		
		0.17	0.15	0.149	0.125	0.145	0.193	0.185	0.137	0.182	0.141	0.037	0.038		
		0.309	0.387	0.258	0.333	0.166	0.265	0.098	0.131	0.186	0.102	0.112	0.172		
		0.156	0.228	0.252	0.201	0.486	0.374	0.301	0.356	0.221	0.3	0.035	0.035		
		
610	19.90	0.038	0.283	0.223	0.417	0.186	0.273	0.096	0.114	0.129	0.185	0.069	0.084		
		0.141	0.249	0.108	0.122	0.332	0.574	1.017	0.39	0.286	0.326	0.036	0.037		
		0.397	0.451	0.139	0.146	0.165	0.323	0.379	0.328	0.267	0.31	0.288	0.332		
		0.206	0.312	0.389	0.203	0.794	1.052	1.019	0.748	0.556	0.31	0.036	0.036		
		0.389	0.472	0.42	0.539	0.555	0.682	0.38	0.366	0.261	0.261	0.15	0.178		
		0.177	0.151	0.152	0.129	0.15	0.195	0.183	0.137	0.18	0.139	0.037	0.038		
		0.328	0.413	0.273	0.354	0.178	0.268	0.099	0.136	0.185	0.103	0.108	0.173		
		0.153	0.225	0.251	0.193	0.492	0.369	0.295	0.343	0.214	0.273	0.036	0.035		
		
620	19.90	0.039	0.284	0.224	0.42	0.191	0.273	0.097	0.121	0.13	0.184	0.069	0.083		
		0.139	0.252	0.109	0.123	0.325	0.564	0.987	0.382	0.312	0.323	0.036	0.036		
		0.398	0.453	0.143	0.148	0.165	0.316	0.37	0.321	0.264	0.306	0.284	0.351		
		0.21	0.306	0.386	0.203	0.775	1.043	1.004	0.73	0.554	0.318	0.036	0.035		
		0.388	0.471	0.42	0.538	0.558	0.685	0.381	0.369	0.264	0.264	0.154	0.182		
		0.178	0.152	0.153	0.131	0.152	0.194	0.182	0.137	0.178	0.14	0.037	0.038		
		0.329	0.414	0.276	0.357	0.172	0.262	0.098	0.139	0.182	0.106	0.105	0.171		
		0.153	0.249	0.245	0.195	0.512	0.357	0.281	0.335	0.21	0.301	0.036	0.035		
		
630	19.90	0.038	0.259	0.206	0.389	0.18	0.259	0.091	0.115	0.125	0.178	0.068	0.08		
		0.138	0.258	0.106	0.119	0.32	0.547	1.019	0.369	0.3	0.319	0.036	0.036		
		0.362	0.412	0.131	0.137	0.158	0.308	0.362	0.314	0.261	0.302	0.279	0.323		
		0.205	0.302	0.383	0.201	0.767	1.032	0.992	0.72	0.535	0.308	0.036	0.035		
		0.352	0.425	0.383	0.489	0.509	0.627	0.349	0.338	0.244	0.245	0.142	0.17		
		0.166	0.146	0.144	0.122	0.142	0.186	0.177	0.13	0.172	0.134	0.036	0.037		
		0.3	0.377	0.257	0.33	0.165	0.251	0.093	0.129	0.178	0.103	0.104	0.161		
		0.151	0.223	0.242	0.188	0.499	0.344	0.266	0.335	0.207	0.314	0.035	0.035		
		
640	19.90	0.038	0.213	0.171	0.327	0.156	0.229	0.084	0.112	0.125	0.178	0.066	0.077		
		0.126	0.256	0.105	0.118	0.312	0.54	1.026	0.352	0.283	0.311	0.035	0.036		
		0.295	0.335	0.114	0.121	0.156	0.298	0.353	0.306	0.256	0.297	0.275	0.329		
		0.203	0.3	0.379	0.199	0.749	1.005	0.971	0.715	0.534	0.296	0.035	0.035		
		0.286	0.343	0.312	0.397	0.413	0.515	0.285	0.277	0.203	0.206	0.124	0.145		
		0.149	0.137	0.136	0.111	0.129	0.172	0.17	0.124	0.166	0.129	0.036	0.037		
		0.246	0.307	0.219	0.277	0.148	0.228	0.086	0.113	0.176	0.101	0.107	0.151		
		0.148	0.22	0.241	0.183	0.478	0.336	0.256	0.327	0.2	0.292	0.035	0.034		
		
650	19.90	0.036	0.161	0.132	0.258	0.13	0.196	0.078	0.107	0.123	0.172	0.065	0.077		
		0.125	0.25	0.106	0.118	0.309	0.535	0.92	0.345	0.271	0.308	0.035	0.036		
		0.218	0.246	0.094	0.102	0.151	0.288	0.345	0.3	0.253	0.293	0.27	0.324		
		0.2	0.298	0.375	0.199	0.739	1.004	0.961	0.701	0.54	0.306	0.035	0.035		
		0.211	0.25	0.232	0.292	0.303	0.386	0.212	0.206	0.155	0.158	0.101	0.116		
		0.128	0.127	0.125	0.098	0.115	0.156	0.163	0.12	0.159	0.125	0.036	0.037		
		0.185	0.227	0.174	0.214	0.132	0.192	0.077	0.096	0.171	0.098	0.112	0.141		
		0.143	0.204	0.238	0.179	0.452	0.328	0.245	0.32	0.194	0.307	0.035	0.035		
		
660	19.90	0.035	0.111	0.093	0.193	0.105	0.16	0.07	0.095	0.118	0.164	0.063	0.073		
		0.119	0.242	0.103	0.115	0.303	0.534	0.88	0.343	0.268	0.303	0.035	0.036		
		0.146	0.163	0.075	0.084	0.144	0.278	0.336	0.291	0.249	0.289	0.266	0.328		
		0.198	0.296	0.371	0.197	0.731	0.986	0.936	0.689	0.513	0.309	0.035	0.035		
		0.141	0.164	0.156	0.198	0.201	0.266	0.142	0.139	0.108	0.11	0.078	0.086		
		0.106	0.11	0.114	0.087	0.099	0.137	0.155	0.112	0.151	0.118	0.036	0.037		
		0.126	0.15	0.131	0.154	0.114	0.179	0.068	0.082	0.166	0.095	0.105	0.127		
		0.136	0.197	0.235	0.175	0.437	0.323	0.236	0.312	0.191	0.298	0.035	0.034		
		
670	19.90	0.034	0.083	0.072	0.15	0.091	0.141	0.066	0.09	0.119	0.163	0.062	0.072		
		0.122	0.232	0.105	0.116	0.295	0.543	0.916	0.344	0.264	0.296	0.035	0.035		
		0.1	0.111	0.063	0.072	0.143	0.271	0.329	0.286	0.247	0.286	0.262	0.328		
		0.195	0.297	0.367	0.197	0.716	0.965	0.921	0.672	0.501	0.282	0.035	0.035		
		0.099	0.112	0.11	0.135	0.134	0.187	0.102	0.099	0.079	0.084	0.064	0.068		
		0.092	0.099	0.109	0.079	0.089	0.127	0.152	0.108	0.148	0.117	0.036	0.037		
		0.089	0.105	0.105	0.116	0.1	0.145	0.063	0.072	0.163	0.097	0.101	0.12		
		0.134	0.198	0.235	0.168	0.459	0.31	0.225	0.308	0.187	0.311	0.034	0.034		
		
680	19.90	0.034	0.059	0.054	0.119	0.077	0.124	0.064	0.086	0.116	0.16	0.061	0.071		
		0.116	0.226	0.103	0.113	0.289	0.548	0.99	0.346	0.261	0.296	0.035	0.036		
		0.069	0.075	0.054	0.063	0.137	0.264	0.321	0.279	0.244	0.281	0.259	0.323		
		0.193	0.288	0.366	0.193	0.71	0.979	0.91	0.655	0.496	0.282	0.035	0.035		
		0.067	0.074	0.076	0.091	0.088	0.131	0.07	0.068	0.06	0.063	0.054	0.056		
		0.083	0.092	0.104	0.074	0.082	0.117	0.146	0.103	0.141	0.112	0.036	0.037		
		0.064	0.07	0.083	0.087	0.088	0.132	0.059	0.066	0.16	0.094	0.11	0.113		
		0.13	0.196	0.233	0.163	0.454	0.306	0.217	0.303	0.187	0.304	0.034	0.034		
		
690	19.90	0.033	0.049	0.046	0.106	0.07	0.119	0.066	0.086	0.117	0.157	0.062	0.073		
		0.113	0.224	0.106	0.116	0.284	0.55	1.009	0.345	0.259	0.288	0.035	0.035		
		0.054	0.058	0.051	0.06	0.138	0.258	0.315	0.275	0.242	0.281	0.258	0.316		
		0.192	0.286	0.359	0.191	0.693	0.953	0.912	0.637	0.495	0.284	0.035	0.035		
		0.052	0.056	0.062	0.072	0.067	0.104	0.055	0.056	0.05	0.052	0.049	0.05		
		0.078	0.089	0.105	0.072	0.079	0.114	0.145	0.103	0.14	0.112	0.036	0.037		
		0.051	0.054	0.072	0.076	0.086	0.12	0.057	0.061	0.156	0.096	0.114	0.113		
		0.127	0.188	0.237	0.161	0.436	0.296	0.212	0.298	0.186	0.257	0.034	0.034		
		
700	19.90	0.033	0.043	0.041	0.093	0.062	0.111	0.063	0.081	0.113	0.153	0.059	0.07		
		0.108	0.219	0.104	0.115	0.278	0.546	0.908	0.346	0.259	0.289	0.034	0.035		
		0.046	0.049	0.049	0.057	0.134	0.254	0.31	0.27	0.24	0.278	0.255	0.32		
		0.188	0.284	0.355	0.188	0.682	0.924	0.905	0.624	0.493	0.279	0.035	0.035		
		0.044	0.046	0.051	0.058	0.053	0.086	0.047	0.046	0.045	0.047	0.047	0.046		
		0.074	0.089	0.103	0.071	0.076	0.108	0.141	0.099	0.135	0.108	0.036	0.036		
		0.045	0.045	0.066	0.065	0.08	0.12	0.056	0.057	0.153	0.092	0.104	0.113		
		0.123	0.188	0.228	0.158	0.487	0.299	0.207	0.294	0.183	0.236	0.034	0.034		
		
710	20.00	0.037	0.044	0.042	0.092	0.065	0.112	0.067	0.082	0.114	0.156	0.062	0.073		
		0.111	0.218	0.105	0.118	0.271	0.545	0.817	0.35	0.257	0.283	0.034	0.035		
		0.042	0.044	0.05	0.058	0.135	0.249	0.305	0.266	0.239	0.275	0.252	0.317		
		0.191	0.282	0.351	0.19	0.672	0.922	0.899	0.616	0.474	0.276	0.035	0.035		
		0.043	0.044	0.05	0.055	0.05	0.08	0.046	0.045	0.045	0.047	0.048	0.047		
		0.074	0.091	0.104	0.072	0.077	0.108	0.141	0.1	0.135	0.109	0.036	0.036		
		0.042	0.041	0.066	0.064	0.089	0.118	0.057	0.06	0.154	0.093	0.099	0.113		
		0.121	0.19	0.226	0.158	0.464	0.301	0.207	0.29	0.185	0.234	0.037	0.036		
		
720	20.00	0.037	0.042	0.042	0.09	0.063	0.11	0.068	0.082	0.113	0.156	0.062	0.073		
		0.116	0.217	0.106	0.12	0.267	0.545	0.814	0.351	0.26	0.281	0.034	0.035		
		0.04	0.042	0.047	0.057	0.133	0.244	0.299	0.261	0.238	0.272	0.248	0.318		
		0.19	0.282	0.347	0.19	0.661	0.92	0.895	0.603	0.465	0.294	0.035	0.035		
		0.042	0.042	0.049	0.053	0.048	0.076	0.044	0.044	0.044	0.047	0.047	0.047		
		0.074	0.087	0.104	0.071	0.077	0.105	0.14	0.099	0.134	0.109	0.036	0.037		
		0.041	0.042	0.064	0.062	0.08	0.108	0.057	0.062	0.152	0.093	0.097	0.114		
		0.119	0.183	0.226	0.16	0.461	0.298	0.211	0.286	0.186	0.243	0.037	0.036		
		
730	20.00	0.037	0.042	0.042	0.089	0.066	0.109	0.069	0.084	0.112	0.156	0.062	0.071		
		0.127	0.218	0.107	0.128	0.262	0.543	0.877	0.351	0.259	0.277	0.036	0.037		
		0.04	0.041	0.05	0.058	0.133	0.241	0.293	0.259	0.237	0.271	0.247	0.323		
		0.188	0.277	0.344	0.189	0.652	0.901	0.905	0.589	0.482	0.284	0.037	0.034		
		0.039	0.04	0.047	0.05	0.045	0.071	0.042	0.041	0.042	0.044	0.045	0.045		
		0.073	0.086	0.103	0.071	0.077	0.104	0.138	0.099	0.132	0.108	0.036	0.039		
		0.043	0.041	0.064	0.062	0.079	0.108	0.057	0.064	0.152	0.094	0.101	0.111		
		0.117	0.19	0.224	0.156	0.428	0.301	0.209	0.28	0.176	0.314	0.034	0.034		
		
740	20.00	0.037	0.04	0.041	0.087	0.066	0.106	0.068	0.081	0.109	0.157	0.061	0.069		
		0.136	0.223	0.106	0.136	0.258	0.538	0.929	0.351	0.257	0.275	0.034	0.035		
		0.041	0.042	0.049	0.056	0.13	0.235	0.287	0.254	0.234	0.267	0.243	0.328		
		0.185	0.276	0.341	0.186	0.641	0.915	0.874	0.607	0.464	0.274	0.035	0.035		
		0.04	0.04	0.048	0.05	0.045	0.07	0.042	0.041	0.042	0.045	0.046	0.046		
		0.071	0.08	0.101	0.069	0.075	0.101	0.135	0.096	0.129	0.106	0.036	0.036		
		0.042	0.041	0.062	0.06	0.077	0.104	0.056	0.065	0.15	0.092	0.099	0.11		
		0.117	0.193	0.228	0.152	0.397	0.314	0.208	0.277	0.175	0.278	0.034	0.034		
		
750	20.00	0.038	0.04	0.04	0.086	0.062	0.104	0.067	0.08	0.109	0.159	0.062	0.068		
		0.145	0.238	0.106	0.124	0.255	0.528	0.858	0.347	0.259	0.273	0.034	0.035		
		0.041	0.042	0.048	0.056	0.129	0.231	0.282	0.25	0.233	0.266	0.24	0.327		
		0.185	0.271	0.339	0.185	0.631	0.868	0.866	0.619	0.457	0.298	0.035	0.034		
		0.04	0.04	0.049	0.05	0.045	0.069	0.042	0.041	0.043	0.045	0.046	0.046		
		0.071	0.078	0.101	0.068	0.074	0.099	0.134	0.096	0.127	0.106	0.035	0.036		
		0.042	0.04	0.062	0.06	0.076	0.104	0.055	0.067	0.149	0.09	0.097	0.113		
		0.113	0.181	0.225	0.153	0.439	0.315	0.209	0.274	0.169	0.218	0.034	0.034		
		
~End
Copyright © 2004 Molecular Devices. All rights reserved.
